БъзМ: [0.03318153 0.04284252 0.01167138 0.02326621 0.0133956  0.04679512]
ШБЪЇ: [0.0330801  0.04292666        nan 0.02339555 0.01380809 0.04628339]
ШБЪЇЫїв§: [2]

БъзМ: [0.01793026 0.03041676 0.05769919 0.017303   0.07400746 0.01573303]
ШБЪЇ: [0.01820731 0.03030583 0.05708649 0.01775047 0.07485757 0.01373658]
ШБЪЇЫїв§: []

БъзМ: [0.04247837 0.05420521 0.01742994 0.0126056  0.02417883 0.01527775]
ШБЪЇ: [0.04241819 0.05417528 0.01723837 0.0126545  0.02312814 0.01605003]
ШБЪЇЫїв§: []

БъзМ: [0.01567054 0.02669477 0.02055288 0.04545439 0.02306574 0.03853602]
ШБЪЇ: [0.01599858 0.02650926 0.02059105 0.04562685 0.02256435 0.03729284]
ШБЪЇЫїв§: []

