БъзМ: [0.04806172 0.0745045  0.05983774 0.02527878 0.01537128 0.07431716
 0.01814664]
ШБЪЇ: [0.0489068  0.07433352 0.05920271 0.02153397 0.01379836 0.07528748
 0.0209567 ]
ШБЪЇЫїв§: []

БъзМ: [0.02353005 0.01529062 0.01175633 0.04483729 0.0344341  0.01839519
 0.06622559]
ШБЪЇ: [0.02368029 0.01522919        nan 0.04440052 0.03453251 0.01797368
 0.06590724]
ШБЪЇЫїв§: [2]

БъзМ: [0.02700954 0.02128289 0.02107309 0.05567618 0.0285939  0.04230097
 0.03849283]
ШБЪЇ: [0.02740251 0.02139301 0.02110211 0.05610442 0.02956942 0.04136481
 0.03763051]
ШБЪЇЫїв§: []

БъзМ: [0.03829085 0.03130637 0.01794174 0.02040388 0.01309485 0.02164002
 0.02103467]
ШБЪЇ: [0.0381544  0.03136571 0.01760803 0.02052289 0.01257567 0.02300887
 0.02062957]
ШБЪЇЫїв§: []

