БъзМ: [0.03569328 0.06317767 0.0364707  0.02153244 0.07559898 0.05691919
 0.01493915]
ШБЪЇ: [0.03535853 0.06335329 0.03618379 0.02172148 0.07468583 0.05656873
 0.01385691]
ШБЪЇЫїв§: []

БъзМ: [0.0133362  0.01273717 0.02193554 0.03152478 0.01393171 0.0117937
 0.01287124]
ШБЪЇ: [0.01327314 0.01274945 0.0216299  0.03115298        nan 0.01168801
 0.01256099]
ШБЪЇЫїв§: [4]

БъзМ: [0.01469551 0.01930432 0.0172346  0.0254817  0.02272262 0.01868547
 0.03713798]
ШБЪЇ: [0.01484347 0.01914354 0.01743756 0.02537906 0.02315267 0.01851365
 0.03726554]
ШБЪЇЫїв§: []

БъзМ: [0.02763733 0.02425595 0.06951739 0.02499803 0.02666103 0.01968412
 0.00909938]
ШБЪЇ: [0.02749511 0.0240983  0.06907354 0.02597122 0.0277072  0.0193194
        nan]
ШБЪЇЫїв§: [6]

