БъзМ: [0.00959394 0.01086356 0.03012503 0.01606035 0.05213112 0.08041323
 0.03958066 0.06076824]
ШБЪЇ: [       nan 0.01070365 0.02978183 0.01603504 0.05171755 0.0800153
 0.03945979 0.06206194]
ШБЪЇЫїв§: [0]

БъзМ: [0.0516427  0.04394971 0.05670053 0.02090083 0.01240277 0.02360975
 0.02249449 0.04277555]
ШБЪЇ: [0.05179292 0.04365563 0.05628031 0.02115394 0.01501493 0.02173356
 0.02019292 0.04387434]
ШБЪЇЫїв§: []

БъзМ: [0.01788387 0.01396706 0.02670317 0.01139907 0.02878323 0.04313164
 0.01987167 0.07607438]
ШБЪЇ: [0.0183126  0.01374525 0.02761044 0.01106602 0.02908574 0.04277311
 0.01900532 0.07603922]
ШБЪЇЫїв§: []

БъзМ: [0.0153423  0.02255709 0.07076095 0.05325693 0.01755915 0.02989199
 0.05001871 0.03880625]
ШБЪЇ: [0.01543161 0.02317468 0.07200326 0.05302697 0.01718996 0.02875828
 0.05039256 0.03796512]
ШБЪЇЫїв§: []

