БъзМ: [0.05319695 0.00936186 0.02333052 0.02146757 0.01813392 0.01986757
 0.01684235]
ШБЪЇ: [0.05371117 0.00936084 0.02333467 0.02075573 0.01812599 0.02003165
 0.01687934]
ШБЪЇЫїв§: []

БъзМ: [0.02397955 0.04978055 0.02436257 0.04267474 0.06116607 0.02375825
 0.02366301]
ШБЪЇ: [0.02408639 0.04966989 0.02337836 0.0436174  0.06028378 0.02469967
 0.02375074]
ШБЪЇЫїв§: []

БъзМ: [0.06740912 0.01562882 0.01594585 0.0354505  0.02342404 0.0137011
 0.04431715]
ШБЪЇ: [0.06700239 0.01606711 0.0156126  0.03382924 0.02369026        nan
 0.04489883]
ШБЪЇЫїв§: [5]

БъзМ: [0.0217249  0.01577388 0.04474107 0.02544117 0.03105481 0.0683553
 0.01367305]
ШБЪЇ: [0.02180229 0.01564656 0.04491975 0.02607901 0.03199926 0.06679044
 0.01313585]
ШБЪЇЫїв§: []

