БъзМ: [0.01953385 0.01253717 0.03248863 0.0119252  0.02729403 0.03894099]
ШБЪЇ: [0.01985665 0.01255113 0.03288183 0.00993952 0.02822422 0.03945914]
ШБЪЇЫїв§: []

БъзМ: [0.04867847 0.06059459 0.0473547  0.01337778 0.02888178 0.02516589]
ШБЪЇ: [0.04855732 0.06073455 0.04814917 0.01203547 0.0285402  0.02547186]
ШБЪЇЫїв§: []

БъзМ: [0.01873352 0.0253608  0.03908109 0.01079736 0.07403335 0.01848492]
ШБЪЇ: [0.01802377 0.02586962 0.03882382        nan 0.07373738 0.01846359]
ШБЪЇЫїв§: [3]

БъзМ: [0.05931102 0.01749768 0.03905463 0.0362338  0.01924616 0.07489955]
ШБЪЇ: [0.05947894 0.01725727 0.03922979 0.03833308 0.01823496 0.07474024]
ШБЪЇЫїв§: []

