БъзМ: [0.02107112 0.06868673 0.05416395 0.01647144 0.03987706]
ШБЪЇ: [0.02086047 0.06664431 0.05440547 0.01656216 0.03906082]
ШБЪЇЫїв§: []

БъзМ: [0.03920422 0.01304503 0.01844606 0.0526031  0.01363488]
ШБЪЇ: [0.03938793        nan 0.01788572 0.05298499 0.01343674]
ШБЪЇЫїв§: [1]

БъзМ: [0.01878641 0.02352448 0.04258701 0.01755163 0.0141849 ]
ШБЪЇ: [0.01879536 0.02397513 0.04251603 0.01786581 0.01415279]
ШБЪЇЫїв§: []

БъзМ: [0.05023606 0.02020325 0.0199711  0.04299971 0.03177008]
ШБЪЇ: [0.05035698 0.02257708 0.02005033 0.04256221 0.0313187 ]
ШБЪЇЫїв§: []

