БъзМ: [0.04675282 0.04288154 0.01405395 0.01536259 0.0209606  0.03097379
 0.0473239 ]
ШБЪЇ: [0.04696722 0.04278847        nan 0.01575425 0.02044472 0.0320743
 0.04599203]
ШБЪЇЫїв§: [2]

БъзМ: [0.04667417 0.01762092 0.07195961 0.04046761 0.02475418 0.01480882
 0.03406812]
ШБЪЇ: [0.0467208  0.01713319 0.07252527 0.03966874 0.02617536 0.01690425
 0.03314069]
ШБЪЇЫїв§: []

БъзМ: [0.05756506 0.01625674 0.02564438 0.01716494 0.01312554 0.01323482
 0.05988384]
ШБЪЇ: [0.05726252 0.01636307 0.02635313 0.01680857        nan 0.01269993
 0.05847743]
ШБЪЇЫїв§: [4]

БъзМ: [0.03976023 0.05266795 0.02176032 0.03183948 0.06800543 0.0395244
 0.02909902]
ШБЪЇ: [0.03955196 0.05244797 0.02216352 0.03192899 0.06702827 0.0384172
 0.0302259 ]
ШБЪЇЫїв§: []

