БъзМ: [0.06490419 0.07669401 0.02528977 0.06055359 0.01188656 0.06562574
 0.01525326 0.02302946]
ШБЪЇ: [0.06494635 0.07717419 0.0253416  0.06119117 0.01205058 0.06591191
 0.01555492 0.02256251]
ШБЪЇЫїв§: []

БъзМ: [0.01276822 0.01548861 0.0416166  0.03372498 0.04316419 0.02021246
 0.04480263 0.03150299]
ШБЪЇ: [       nan 0.01571473 0.04028623 0.03296627 0.04247239 0.02029841
 0.04520206 0.03297484]
ШБЪЇЫїв§: [0]

БъзМ: [0.01927902 0.02932496 0.01906333 0.02935326 0.02405701 0.02659363
 0.01616082 0.06134441]
ШБЪЇ: [0.01953618 0.02902535 0.0199698  0.03022951 0.02228129 0.02633437
 0.01534025 0.06136082]
ШБЪЇЫїв§: []

БъзМ: [0.02306471 0.02342257 0.07791951 0.07763304 0.01623139 0.03596847
 0.03677364 0.01646043]
ШБЪЇ: [0.02271054 0.02334141 0.07869493 0.07852703 0.01210733 0.03570663
 0.03544622 0.01773911]
ШБЪЇЫїв§: []

