БъзМ: [0.04830299 0.01903422 0.05578187 0.05841567 0.03055597 0.01552177
 0.05488746]
ШБЪЇ: [0.04788602 0.01891739 0.05623605 0.05944722 0.02994693        nan
 0.05435365]
ШБЪЇЫїв§: [5]

БъзМ: [0.02127279 0.01880127 0.01528502 0.01258053 0.0305687  0.0737725
 0.01813072]
ШБЪЇ: [0.02147441 0.01869249 0.01516286 0.01343492 0.02838935 0.07425939
 0.02003502]
ШБЪЇЫїв§: []

БъзМ: [0.06109547 0.01114546 0.02879168 0.02379232 0.07822573 0.02612008
 0.04285935]
ШБЪЇ: [0.06056603        nan 0.02874117 0.02342591 0.0774448  0.02706116
 0.04311342]
ШБЪЇЫїв§: [1]

БъзМ: [0.01965233 0.05660495 0.02091822 0.01925668 0.01857308 0.022195
 0.02082669]
ШБЪЇ: [0.01962192 0.05670338 0.02118609 0.01798717 0.01914589 0.02218954
 0.02093589]
ШБЪЇЫїв§: []

