БъзМ: [0.04202304 0.00964706 0.05746238 0.02397465 0.06807841 0.05031848
 0.05304676 0.01505685]
ШБЪЇ: [0.04205792        nan 0.05689303 0.02509961 0.06841582 0.05084693
 0.05206035 0.01436907]
ШБЪЇЫїв§: [1]

БъзМ: [0.02994956 0.0485308  0.01287074 0.02991106 0.01366005 0.01262423
 0.02918834 0.07277274]
ШБЪЇ: [0.02969041 0.04827317 0.01261724 0.03052292 0.01272792 0.01303846
 0.02849056 0.07281723]
ШБЪЇЫїв§: []

БъзМ: [0.02596561 0.01614329 0.02062005 0.01574639 0.02739622 0.02246189
 0.02513383 0.02262022]
ШБЪЇ: [0.0262421  0.01586501 0.02066716 0.01602598 0.02605412 0.02199395
 0.0254832  0.02356599]
ШБЪЇЫїв§: []

БъзМ: [0.05319046 0.01579505 0.02164609 0.0800087  0.02065922 0.01604809
 0.06721853 0.02526491]
ШБЪЇ: [0.05331898 0.0160975  0.0205793  0.08014065 0.01994361 0.01805943
 0.06729418 0.0245318 ]
ШБЪЇЫїв§: []

