БъзМ: [0.01221547 0.01956068 0.03951166 0.06241744 0.05431599 0.01457463
 0.04647925]
ШБЪЇ: [       nan 0.01958881 0.03887227 0.06517699 0.0536207  0.0140937
 0.04631788]
ШБЪЇЫїв§: [0]

БъзМ: [0.06228452 0.02465522 0.05556976 0.01233443 0.01368647 0.06845035
 0.02256476]
ШБЪЇ: [0.06287787 0.0240703  0.05531869        nan        nan 0.0687417
 0.02380239]
ШБЪЇЫїв§: [3, 4]

БъзМ: [0.02060779 0.01310793 0.07035257 0.02070133 0.02001552 0.02547712
 0.02575976]
ШБЪЇ: [0.02088917 0.01279506 0.06954695 0.02290776 0.01909767 0.02572538
 0.0267209 ]
ШБЪЇЫїв§: []

БъзМ: [0.02063583 0.0644651  0.03376617 0.0226824  0.01994546 0.02079607
 0.03650948]
ШБЪЇ: [0.02023074 0.06459271 0.03400839 0.01991635 0.02001221 0.02096937
 0.03743427]
ШБЪЇЫїв§: []

