БъзМ: [0.01444687 0.01442976 0.02612525 0.04359501 0.02912184 0.03970861
 0.02592185 0.01933452]
ШБЪЇ: [       nan 0.01441639 0.02554649 0.04406038 0.02826676 0.04020639
 0.0264262  0.01969575]
ШБЪЇЫїв§: [0]

БъзМ: [0.07385223 0.07699654 0.01448172 0.06326775 0.01293927 0.03094218
 0.02751402 0.0165988 ]
ШБЪЇ: [0.07397371 0.07700236 0.01435551 0.06359108 0.01081891 0.0331173
 0.02763734 0.01483271]
ШБЪЇЫїв§: []

БъзМ: [0.02193    0.02433091 0.01134414 0.05148489 0.03543873 0.02310365
 0.02228335 0.00958185]
ШБЪЇ: [0.02201911 0.02434841 0.0107274  0.05090875 0.03569901 0.02389466
 0.02238059 0.01068035]
ШБЪЇЫїв§: []

БъзМ: [0.02616208 0.02449378 0.0453706  0.05089882 0.01077832 0.08019298
 0.0341553  0.04447588]
ШБЪЇ: [0.02566835 0.02426219 0.04577772 0.05158447 0.01275456 0.07946833
 0.03491674 0.04393397]
ШБЪЇЫїв§: []

