БъзМ: [0.04928707 0.04092959 0.02619186 0.02119504 0.03241235 0.03816943
 0.02959082]
ШБЪЇ: [0.04908813 0.04078709 0.02665091 0.02273283 0.03068354 0.03766538
 0.03051208]
ШБЪЇЫїв§: []

БъзМ: [0.00910866 0.04111819 0.01874969 0.03101515 0.04273241 0.05211382
 0.03049573]
ШБЪЇ: [       nan 0.04073593 0.01889317 0.03183155 0.04164579 0.05315992
 0.03132023]
ШБЪЇЫїв§: [0]

БъзМ: [0.01718227 0.02774285 0.01327281 0.07369648 0.05278999 0.03315308
 0.0386081 ]
ШБЪЇ: [0.0175385  0.02760095 0.01293185 0.0740147  0.05357188 0.03249463
 0.03806772]
ШБЪЇЫїв§: []

БъзМ: [0.01439951 0.07925481 0.06459981 0.01472538 0.02849482 0.06553897
 0.02800017]
ШБЪЇ: [0.0146583  0.07872548 0.06335323 0.01554575 0.02849479 0.06674419
 0.02812407]
ШБЪЇЫїв§: []

