БъзМ: [0.0389094  0.01242864 0.01274914 0.01577347 0.03548754 0.01804459
 0.01930784]
ШБЪЇ: [0.03886626 0.01240831 0.01322916 0.01543482 0.03547629 0.01729243
 0.01888889]
ШБЪЇЫїв§: []

БъзМ: [0.01453357 0.06611635 0.05324662 0.03450257 0.02512077 0.02160302
 0.02620255]
ШБЪЇ: [0.01507566 0.0660896  0.05305038 0.03460225 0.02495635 0.02213929
 0.02547956]
ШБЪЇЫїв§: []

БъзМ: [0.03039169 0.02080341 0.027272   0.04353072 0.07024989 0.01283248
 0.04781235]
ШБЪЇ: [0.03049878 0.02102873 0.02665423 0.04335249 0.06933325        nan
 0.04825302]
ШБЪЇЫїв§: [5]

БъзМ: [0.01636184 0.02081538 0.01672463 0.01402551 0.01802315 0.06080624
 0.01448448]
ШБЪЇ: [0.01656589 0.02091838 0.01678731 0.01437794 0.01797114 0.06014301
 0.01434541]
ШБЪЇЫїв§: []

