БъзМ: [0.04838631 0.01621464 0.03303041 0.01369992 0.02213673]
ШБЪЇ: [0.04841959 0.015864   0.03274331 0.01375576 0.02232995]
ШБЪЇЫїв§: []

БъзМ: [0.00933166 0.0155102  0.03204161 0.04441745 0.0138813 ]
ШБЪЇ: [       nan 0.01571697 0.03158845 0.0438342  0.01379608]
ШБЪЇЫїв§: [0]

БъзМ: [0.01460794 0.00944915 0.02687349 0.0170137  0.01049898]
ШБЪЇ: [0.01451719 0.00946751 0.02686841 0.01715891 0.01075881]
ШБЪЇЫїв§: []

БъзМ: [0.01729002 0.04951316 0.03941327 0.02385751 0.04262871]
ШБЪЇ: [0.01732781 0.04993849 0.03985735 0.02375992 0.04179617]
ШБЪЇЫїв§: []

