БъзМ: [0.03252581 0.04822743 0.0209548  0.06631903 0.0105917  0.05734386]
ШБЪЇ: [0.03267331 0.04818568 0.02123149 0.06530776        nan 0.05672927]
ШБЪЇЫїв§: [4]

БъзМ: [0.01294934 0.00968793 0.04578467 0.01247317 0.04283426 0.01636834]
ШБЪЇ: [0.01292667        nan 0.04586225        nan 0.04227625 0.01608896]
ШБЪЇЫїв§: [1, 3]

БъзМ: [0.03980722 0.0160434  0.01843418 0.02373432 0.01596378 0.02217206]
ШБЪЇ: [0.03997064 0.0159054  0.01879224 0.02313836 0.01598404 0.02174266]
ШБЪЇЫїв§: []

БъзМ: [0.01214693 0.0159678  0.05734747 0.02017165 0.01561957 0.02871486]
ШБЪЇ: [0.01205528 0.01590769 0.05784721 0.02001455 0.014355   0.0290323 ]
ШБЪЇЫїв§: []

