БъзМ: [0.02877791 0.06256201 0.02572653 0.04466596 0.01979832 0.04775274]
ШБЪЇ: [0.02937236 0.06191548 0.02605871 0.04565768 0.01968646 0.0470361 ]
ШБЪЇЫїв§: []

БъзМ: [0.05415932 0.01243247 0.01185517 0.00970386 0.01298346 0.01471928]
ШБЪЇ: [0.0541253  0.01260429 0.01196501        nan 0.01294185 0.01452298]
ШБЪЇЫїв§: [3]

БъзМ: [0.02618783 0.01875551 0.03323012 0.01651317 0.04545618 0.03822247]
ШБЪЇ: [0.02607594 0.01921469 0.03317207 0.01635865 0.04502465 0.03850428]
ШБЪЇЫїв§: []

БъзМ: [0.06913725 0.02346044 0.01133867 0.01493254 0.00976835 0.01639709]
ШБЪЇ: [0.0690471  0.02387691 0.01046477 0.01487252 0.0099372  0.01621563]
ШБЪЇЫїв§: []

