БъзМ: [0.02055477 0.05352263 0.07394629 0.04506864 0.01259485 0.023976
 0.02038857]
ШБЪЇ: [0.02147278 0.05313322 0.07430333 0.04507244        nan 0.02286686
 0.02062287]
ШБЪЇЫїв§: [4]

БъзМ: [0.03098429 0.0100778  0.01490231 0.04489514 0.0702179  0.07140481
 0.06195057]
ШБЪЇ: [0.03067637 0.01009574 0.01539404 0.04572557 0.06948043 0.07142053
 0.06211344]
ШБЪЇЫїв§: []

БъзМ: [0.0729005  0.01668744 0.02802001 0.05417169 0.02197664 0.0259596
 0.02186408]
ШБЪЇ: [0.07235006 0.01734373 0.02765773 0.05517259 0.020443   0.02528267
 0.02130908]
ШБЪЇЫїв§: []

БъзМ: [0.01529759 0.01690737 0.02216676 0.0378847  0.02527322 0.05692676
 0.05071416]
ШБЪЇ: [0.01485695 0.01687525 0.02241275 0.03780746 0.02670277 0.05699178
 0.0494677 ]
ШБЪЇЫїв§: []

