БъзМ: [0.06224226 0.04162717 0.01028003 0.01603396 0.01758039 0.02060837]
ШБЪЇ: [0.0622086  0.04155998 0.01044277 0.01613653 0.01754026 0.02022752]
ШБЪЇЫїв§: []

БъзМ: [0.01197601 0.03124422 0.05029162 0.07566184 0.07202235 0.02091911]
ШБЪЇ: [       nan 0.03146353 0.05091671 0.07210441 0.0724685  0.02147372]
ШБЪЇЫїв§: [0]

БъзМ: [0.01840164 0.08283135 0.01988397 0.02893571 0.04115018 0.01317033]
ШБЪЇ: [0.01948762 0.08307565 0.01923347 0.02886186 0.04052104 0.01356579]
ШБЪЇЫїв§: []

БъзМ: [0.02192748 0.02272889 0.0157156  0.02257019 0.02133125 0.05490439]
ШБЪЇ: [0.02191008 0.02258577 0.01564662 0.02281588 0.02145884 0.05467162]
ШБЪЇЫїв§: []

