БъзМ: [0.02562419 0.04147894 0.04534283 0.01818689 0.01241521 0.09080553
 0.02263365 0.05091496]
ШБЪЇ: [0.02578245 0.04043586 0.0456224  0.01842942 0.01416887 0.08970553
 0.02215355 0.05183047]
ШБЪЇЫїв§: []

БъзМ: [0.02600379 0.05746848 0.02212886 0.02094237 0.01553133 0.02465109
 0.07689429 0.01848402]
ШБЪЇ: [0.02649137 0.05755209 0.02294373 0.02087181 0.01495425 0.02499714
 0.07749425 0.01616754]
ШБЪЇЫїв§: []

БъзМ: [0.0217443  0.07264069 0.03682333 0.0597566  0.03912126 0.04990653
 0.03984511 0.01934331]
ШБЪЇ: [0.02299626 0.07224866 0.03668687 0.05994638 0.04095118 0.04882335
 0.03869917 0.02016822]
ШБЪЇЫїв§: []

БъзМ: [0.03189048 0.03536568 0.02568623 0.01124363 0.01018866 0.03003722
 0.02952092 0.0413327 ]
ШБЪЇ: [0.03165863 0.03567186 0.02542794        nan        nan 0.03010727
 0.02953347 0.0410091 ]
ШБЪЇЫїв§: [3, 4]

