БъзМ: [0.02033429 0.02154747 0.00980266 0.02040703 0.07482751]
ШБЪЇ: [0.02044357 0.02088192 0.00944198 0.0204438  0.07475659]
ШБЪЇЫїв§: []

БъзМ: [0.05026578 0.04056672 0.04546987 0.02474413 0.01347906]
ШБЪЇ: [0.05040043 0.03988943 0.0460703  0.02557717 0.01450159]
ШБЪЇЫїв§: []

БъзМ: [0.0188313  0.05060575 0.01707079 0.01353016 0.02418525]
ШБЪЇ: [0.01893806 0.0504483  0.01747671        nan 0.02446952]
ШБЪЇЫїв§: [3]

БъзМ: [0.06159098 0.01883537 0.01439401 0.06876296 0.02284179]
ШБЪЇ: [0.06153888 0.01876404 0.01416844 0.06961813 0.02419197]
ШБЪЇЫїв§: []

