БъзМ: [0.0270692  0.03191802 0.05187749 0.03156537 0.01461343]
ШБЪЇ: [0.02699626 0.03189526 0.05089048 0.03137405 0.01479344]
ШБЪЇЫїв§: []

БъзМ: [0.04429092 0.0218541  0.01005062 0.06480667 0.06960998]
ШБЪЇ: [0.0440472  0.02221494        nan 0.0632234  0.06967643]
ШБЪЇЫїв§: [2]

БъзМ: [0.02076045 0.02606714 0.0162141  0.05008884 0.01986521]
ШБЪЇ: [0.02093908 0.02606599 0.01516233 0.05034941 0.01996929]
ШБЪЇЫїв§: []

БъзМ: [0.08562417 0.02600158 0.01790459 0.03622915 0.03005045]
ШБЪЇ: [0.08563081 0.02593861 0.01790262 0.03663156 0.02918482]
ШБЪЇЫїв§: []

