БъзМ: [0.02514475 0.01783717 0.02320761 0.02951199 0.02457561 0.05926138]
ШБЪЇ: [0.02523274 0.01810625 0.02408459 0.02959799 0.02573778 0.05798189]
ШБЪЇЫїв§: []

БъзМ: [0.05653296 0.01800678 0.01773242 0.01786729 0.02901112 0.04194352]
ШБЪЇ: [0.05663292 0.01788459 0.01812447 0.01837059 0.02887431 0.04155547]
ШБЪЇЫїв§: []

БъзМ: [0.02305398 0.01077412 0.01310976 0.05728188 0.0170608  0.07389675]
ШБЪЇ: [0.02303296        nan 0.01341556 0.05747846 0.016341   0.07407145]
ШБЪЇЫїв§: [1]

БъзМ: [0.07145491 0.05483231 0.04641987 0.01440483 0.07644818 0.03629265]
ШБЪЇ: [0.07171952 0.0546064  0.04691041 0.01381111 0.07596226 0.03694372]
ШБЪЇЫїв§: []

