БъзМ: [0.03276493 0.00965563 0.05793192 0.01780846 0.07279866 0.00914003]
ШБЪЇ: [0.03306477 0.01010585 0.05703329 0.01729691 0.07230208        nan]
ШБЪЇЫїв§: [5]

БъзМ: [0.02449702 0.04544328 0.02579913 0.06431622 0.0146883  0.04344265]
ШБЪЇ: [0.02470175 0.04545509 0.02709749 0.06282763        nan 0.04443419]
ШБЪЇЫїв§: [4]

БъзМ: [0.01799807 0.01596381 0.02285665 0.0359332  0.02594596 0.01353935]
ШБЪЇ: [0.01790921 0.01610982 0.024684   0.03528423 0.02546282 0.01475605]
ШБЪЇЫїв§: []

БъзМ: [0.06539997 0.01635699 0.07304099 0.02089813 0.02133325 0.01660463]
ШБЪЇ: [0.06527764 0.01598172 0.07271322 0.02145224 0.02148655 0.01630523]
ШБЪЇЫїв§: []

