БъзМ: [0.01140649 0.0149149  0.04860961 0.01322566 0.03040905 0.01723607
 0.048102   0.03639057]
ШБЪЇ: [       nan 0.01485061 0.04839579 0.01367519 0.02988397 0.01902278
 0.04632601 0.03589833]
ШБЪЇЫїв§: [0]

БъзМ: [0.06079133 0.02158649 0.021364   0.07056348 0.02997575 0.04571067
 0.02220299 0.02087494]
ШБЪЇ: [0.06060318 0.02158049 0.02192191 0.07201317 0.02856865 0.04346984
 0.02217726 0.02285717]
ШБЪЇЫїв§: []

БъзМ: [0.01825735 0.01057829 0.0613321  0.02283602 0.01875033 0.02530674
 0.05970437 0.01831106]
ШБЪЇ: [0.01793873 0.01056498 0.06180465 0.02258426 0.01943874 0.02519786
 0.05871905 0.01915254]
ШБЪЇЫїв§: []

БъзМ: [0.02145293 0.05107591 0.02032124 0.02313103 0.08089797 0.02496017
 0.02006594 0.04629672]
ШБЪЇ: [0.02126187 0.05140919 0.01922417 0.02277818 0.08365716 0.02509039
 0.01946503 0.04682968]
ШБЪЇЫїв§: []

