БъзМ: [0.00996017 0.06332598 0.07185061 0.01255463 0.02580141 0.01178215]
ШБЪЇ: [       nan 0.0629397  0.0715438  0.01235653 0.02590382        nan]
ШБЪЇЫїв§: [0, 5]

БъзМ: [0.05109837 0.02034704 0.01457934 0.04847901 0.02707987 0.05280135]
ШБЪЇ: [0.0515306  0.0205461         nan 0.04975453 0.02620347 0.05219483]
ШБЪЇЫїв§: [2]

БъзМ: [0.01683887 0.02228477 0.02131211 0.02141523 0.02211286 0.01788115]
ШБЪЇ: [0.01667844 0.02249396 0.0209791  0.02198248 0.02209799 0.01709596]
ШБЪЇЫїв§: []

БъзМ: [0.01704112 0.05010466 0.0258572  0.01572356 0.03244178 0.01741688]
ШБЪЇ: [0.01702586 0.05006332 0.02486173 0.0156122  0.03284209 0.01799115]
ШБЪЇЫїв§: []

