БъзМ: [0.02111915 0.02642634 0.02986763 0.01410068 0.04337437 0.02384597
 0.02296376]
ШБЪЇ: [0.02102281 0.02616    0.03000481 0.01769724 0.04224086 0.02357452
 0.02289167]
ШБЪЇЫїв§: []

БъзМ: [0.0399335  0.02617861 0.03032531 0.0779888  0.02502365 0.01944941
 0.0787707 ]
ШБЪЇ: [0.03985704 0.02634489 0.02982791 0.08028299 0.02406088 0.02000383
 0.07963816]
ШБЪЇЫїв§: []

БъзМ: [0.07131745 0.01789235 0.03622326 0.03037895 0.01910711 0.01335134
 0.03157362]
ШБЪЇ: [0.07127862 0.0176947  0.03635563 0.02914052 0.01984956        nan
 0.0306671 ]
ШБЪЇЫїв§: [5]

БъзМ: [0.01745988 0.05039048 0.02554523 0.0245676  0.07564245 0.06461772
 0.04310227]
ШБЪЇ: [0.01738447 0.05110771 0.02490775 0.02470871 0.07586247 0.06542147
 0.04061131]
ШБЪЇЫїв§: []

