БъзМ: [0.08819411 0.02358295 0.04643608 0.0377714  0.03731235 0.021023  ]
ШБЪЇ: [0.08819292 0.02375582 0.046381   0.03662102 0.03652029 0.02235287]
ШБЪЇЫїв§: []

БъзМ: [0.01770529 0.01981694 0.01142975 0.01471216 0.026255   0.01962891]
ШБЪЇ: [0.01769129 0.01996268 0.01182378 0.01377212 0.02577286 0.01993024]
ШБЪЇЫїв§: []

БъзМ: [0.0267767  0.0668732  0.01456053 0.02893266 0.07004446 0.05413154]
ШБЪЇ: [0.0265129  0.0659565  0.01600513 0.02934046 0.0695271  0.05459264]
ШБЪЇЫїв§: []

БъзМ: [0.03323378 0.01304167 0.02431387 0.01511502 0.01955407 0.01277222]
ШБЪЇ: [0.03311549        nan 0.02436107 0.01491934 0.01891421 0.01269261]
ШБЪЇЫїв§: [1]

