БъзМ: [0.01258665 0.05863244 0.01356002 0.01123239 0.04496506 0.01837353
 0.00953519]
ШБЪЇ: [0.01260296 0.05742664 0.01367443        nan 0.04489649 0.01887959
        nan]
ШБЪЇЫїв§: [3, 6]

БъзМ: [0.01859847 0.02053411 0.04349419 0.05717534 0.03391703 0.01322065
 0.03718649]
ШБЪЇ: [0.01859082 0.02024225 0.04347739 0.05900604 0.0336491  0.01279618
 0.03831175]
ШБЪЇЫїв§: []

БъзМ: [0.0441138  0.03000267 0.01403911 0.0186855  0.02876601 0.00994763
 0.0126115 ]
ШБЪЇ: [0.04427557 0.0295819  0.01452835 0.01744383 0.02986187 0.00940012
 0.01206787]
ШБЪЇЫїв§: []

БъзМ: [0.00921747 0.03046972 0.03559197 0.01961594 0.05763835 0.04417202
 0.01484067]
ШБЪЇ: [       nan 0.03022492 0.0355061  0.01886287 0.05805962 0.04447567
 0.01492915]
ШБЪЇЫїв§: [0]

