БъзМ: [0.01943185 0.02213155 0.01935558 0.02848717 0.06907586 0.0318336
 0.01166676]
ШБЪЇ: [0.0195109  0.02207611 0.01899453 0.02815899 0.06727704 0.031944
        nan]
ШБЪЇЫїв§: [6]

БъзМ: [0.02317882 0.06833525 0.02774185 0.07425927 0.01803011 0.01987906
 0.06428397]
ШБЪЇ: [0.02332834 0.06815787 0.02743953 0.0749185  0.01875431 0.01960553
 0.06454729]
ШБЪЇЫїв§: []

БъзМ: [0.06554389 0.05407095 0.01664777 0.03150236 0.02209118 0.04108805
 0.02275636]
ШБЪЇ: [0.0654909  0.05408308 0.01704555 0.03131374 0.02089425 0.04029726
 0.02263876]
ШБЪЇЫїв§: []

БъзМ: [0.01281708 0.0240722  0.03403662 0.05807534 0.03965735 0.01679386
 0.01954613]
ШБЪЇ: [       nan 0.02409196 0.03382257 0.05882459 0.03804622 0.01703927
 0.019049  ]
ШБЪЇЫїв§: [0]

