БъзМ: [0.02621281 0.02878591 0.02961704 0.02027963 0.01600126 0.01627272
 0.01420571]
ШБЪЇ: [0.02715352 0.02877991 0.02965472 0.02039542 0.01660681 0.01572997
 0.0135231 ]
ШБЪЇЫїв§: []

БъзМ: [0.02622344 0.02886195 0.0180099  0.0502679  0.01720204 0.02858444
 0.01483729]
ШБЪЇ: [0.02626955 0.02884579 0.01807789 0.05034462 0.01683687 0.02901855
 0.01490838]
ШБЪЇЫїв§: []

БъзМ: [0.01616872 0.01944766 0.05751362 0.06118196 0.01165906 0.0140473
 0.00956556]
ШБЪЇ: [0.01591043 0.01965717 0.05768014 0.06099692        nan 0.01363189
 0.00998883]
ШБЪЇЫїв§: [4]

БъзМ: [0.07310772 0.0556278  0.01428946 0.01849372 0.0456285  0.03723955
 0.04463343]
ШБЪЇ: [0.07317916 0.0554525  0.01382347 0.0187491  0.04751781 0.03812672
 0.0444143 ]
ШБЪЇЫїв§: []

