БъзМ: [0.02211745 0.02793342 0.08459297 0.03174562 0.0504548  0.03064975
 0.01755512 0.01099691]
ШБЪЇ: [0.02201545 0.02766651 0.08461255 0.03130846 0.05125382 0.02997612
 0.01749684        nan]
ШБЪЇЫїв§: [7]

БъзМ: [0.0414112  0.02079782 0.01685572 0.02489674 0.019773   0.02985044
 0.0802853  0.04422598]
ШБЪЇ: [0.0412058  0.02066235 0.01780683 0.02368135 0.02035214 0.03013573
 0.07973245 0.04376639]
ШБЪЇЫїв§: []

БъзМ: [0.01777504 0.0149717  0.02567553 0.01738806 0.04053323 0.01876767
 0.02422189 0.01503859]
ШБЪЇ: [0.01765228 0.01528615 0.02549624 0.01788503 0.04079372 0.01781514
 0.02446438 0.01518524]
ШБЪЇЫїв§: []

БъзМ: [0.07466785 0.05508941 0.03252655 0.06324262 0.02313831 0.07685019
 0.03082031 0.01898581]
ШБЪЇ: [0.07408173 0.0547887  0.03165982 0.06340944 0.02575073 0.07781425
 0.03130386 0.01614441]
ШБЪЇЫїв§: []

