БъзМ: [0.04740593 0.05184426 0.05708484 0.05484747 0.06963014 0.01353918
 0.01775082 0.02556188]
ШБЪЇ: [0.04768882 0.05180197 0.05758065 0.05503175 0.07013593        nan
 0.01862931 0.02398105]
ШБЪЇЫїв§: [5]

БъзМ: [0.02092334 0.01603307 0.01630938 0.02065833 0.02261638 0.04546452
 0.02013188 0.0235165 ]
ШБЪЇ: [0.02108315 0.01591583 0.01604155 0.02047085 0.02316281 0.04530544
 0.02068208 0.02347951]
ШБЪЇЫїв§: []

БъзМ: [0.0190848  0.01706426 0.02202997 0.04327567 0.02490892 0.01686386
 0.01097393 0.01594909]
ШБЪЇ: [0.01889312 0.01702892 0.02176232 0.04295402 0.0253097  0.01643902
        nan 0.01521242]
ШБЪЇЫїв§: [6]

БъзМ: [0.05905109 0.04224446 0.02898419 0.02332569 0.05606756 0.01802744
 0.05918128 0.04434817]
ШБЪЇ: [0.05919395 0.04218269 0.02960271 0.02308413 0.05685913 0.018615
 0.057487   0.04370738]
ШБЪЇЫїв§: []

