БъзМ: [0.02167391 0.02438148 0.02506032 0.01809894 0.04390497]
ШБЪЇ: [0.02188482 0.0243357  0.02516453 0.01766045 0.04269102]
ШБЪЇЫїв§: []

БъзМ: [0.0181925  0.01306765 0.02081163 0.05993577 0.01804075]
ШБЪЇ: [0.0184119  0.01299588 0.0212254  0.05815138 0.0178263 ]
ШБЪЇЫїв§: []

БъзМ: [0.01164531 0.01073822 0.0701255  0.04815432 0.053901  ]
ШБЪЇ: [       nan 0.01045544 0.07040707 0.04881928 0.05553354]
ШБЪЇЫїв§: [0]

БъзМ: [0.06158483 0.04349285 0.01358838 0.01966229 0.01780307]
ШБЪЇ: [0.06151205 0.04352214        nan 0.01955261 0.01754079]
ШБЪЇЫїв§: [2]

