БъзМ: [0.01344726 0.01746813 0.01360428 0.05039245 0.0198411  0.03461128
 0.03145086]
ШБЪЇ: [0.01305712 0.01757704        nan 0.05061706 0.01914563 0.0345126
 0.03053875]
ШБЪЇЫїв§: [2]

БъзМ: [0.04324243 0.07174831 0.07083022 0.00977949 0.05813384 0.0710215
 0.03300753]
ШБЪЇ: [0.04311931 0.07220322 0.07089295        nan 0.05740013 0.07103926
 0.03177739]
ШБЪЇЫїв§: [3]

БъзМ: [0.03538489 0.02299021 0.0245295  0.01533492 0.04415676 0.04124878
 0.05912748]
ШБЪЇ: [0.03568981 0.02242575 0.0251482  0.01453477 0.04388281 0.04130021
 0.06022786]
ШБЪЇЫїв§: []

БъзМ: [0.01420936 0.03758659 0.02106746 0.01799339 0.0204741  0.05707492
 0.02218682]
ШБЪЇ: [0.01397756 0.03747274 0.02100144 0.01825054 0.02164554 0.05786685
 0.02081059]
ШБЪЇЫїв§: []

