БъзМ: [0.01461228 0.04102304 0.01323401 0.06648731 0.07473968 0.03129274]
ШБЪЇ: [0.01442153 0.04098088 0.01376611 0.06634096 0.07364533 0.03206981]
ШБЪЇЫїв§: []

БъзМ: [0.03245463 0.00991292 0.03669226 0.01274713 0.01517532 0.02423829]
ШБЪЇ: [0.03238046 0.01004088 0.03621547        nan        nan 0.02372054]
ШБЪЇЫїв§: [3, 4]

БъзМ: [0.01316366 0.02299223 0.02864815 0.02043054 0.02299617 0.01617902]
ШБЪЇ: [0.01314624 0.02292293 0.02859355 0.01972698 0.02302352 0.01636518]
ШБЪЇЫїв§: []

БъзМ: [0.04096517 0.01230494 0.0149766  0.02389675 0.02768491 0.07853233]
ШБЪЇ: [0.04092236 0.01213451 0.01546701 0.02363641 0.02748449 0.07862126]
ШБЪЇЫїв§: []

