БъзМ: [0.0220158  0.01450557 0.01776834 0.01562916 0.05964828 0.02210122]
ШБЪЇ: [0.02198531 0.014616   0.01757459 0.0158614  0.05907926 0.02227912]
ШБЪЇЫїв§: []

БъзМ: [0.02602847 0.07286644 0.0433404  0.02144908 0.01016684 0.02851186]
ШБЪЇ: [0.02587658 0.07286784 0.0436382  0.02098497        nan 0.02753301]
ШБЪЇЫїв§: [4]

БъзМ: [0.07375185 0.02196929 0.01642239 0.01158273 0.02270549 0.07091849]
ШБЪЇ: [0.07376542 0.02197402 0.01666157 0.01140389 0.02152962 0.07068935]
ШБЪЇЫїв§: []

БъзМ: [0.01455533 0.02729613 0.05385668 0.04167832 0.01843333 0.01418177]
ШБЪЇ: [       nan 0.02721944 0.05346405 0.04194041 0.01754992 0.01521659]
ШБЪЇЫїв§: [0]

