БъзМ: [0.01736278 0.02151225 0.01239945 0.05439522 0.01967929 0.07357311
 0.03724218]
ШБЪЇ: [0.01752097 0.02117723 0.01290619 0.05661456 0.01910053 0.07397015
 0.03764578]
ШБЪЇЫїв§: []

БъзМ: [0.02534562 0.02566377 0.03036533 0.03233401 0.08773532 0.03633045
 0.03826079]
ШБЪЇ: [0.02565591 0.02513202 0.03103922 0.03059167 0.08894117 0.03610938
 0.03876635]
ШБЪЇЫїв§: []

БъзМ: [0.01281253 0.0148158  0.01172314 0.06961553 0.03043643 0.0577529
 0.0712364 ]
ШБЪЇ: [0.01278717        nan 0.01220341 0.06792523 0.0300186  0.05834606
 0.06998236]
ШБЪЇЫїв§: [1]

БъзМ: [0.06141052 0.07179693 0.03794082 0.02635378 0.03141337 0.04262556
 0.02556714]
ШБЪЇ: [0.06117944 0.07091938 0.03841562 0.02669508 0.03027295 0.04339178
 0.02602899]
ШБЪЇЫїв§: []

