БъзМ: [0.01632238 0.01158399 0.0457202  0.08788924 0.01750758 0.01829941
 0.01763566 0.02446931]
ШБЪЇ: [0.01649486 0.0117493  0.04567417 0.08834847 0.01680743 0.01898996
 0.01580729 0.02477132]
ШБЪЇЫїв§: []

БъзМ: [0.04450404 0.04269084 0.01095356 0.02124368 0.02038091 0.01705579
 0.02645007 0.0853989 ]
ШБЪЇ: [0.0440097  0.04275373 0.01189895 0.02277166 0.0140113  0.01626649
 0.02578762 0.08734574]
ШБЪЇЫїв§: []

БъзМ: [0.0349302  0.01609417 0.01480615 0.04580254 0.04884989 0.01125548
 0.0497606  0.04376048]
ШБЪЇ: [0.03464053 0.01608912 0.01473412 0.0455075  0.05160805        nan
 0.04884378 0.0443222 ]
ШБЪЇЫїв§: [5]

БъзМ: [0.01855626 0.02146847 0.02391856 0.02809653 0.00935562 0.04577758
 0.01294585 0.03337551]
ШБЪЇ: [0.01863371 0.02146204 0.02397643 0.02786681        nan 0.04631443
 0.01181912 0.0331644 ]
ШБЪЇЫїв§: [4]

