БъзМ: [0.02421459 0.02887458 0.02011601 0.06127303 0.03033947 0.049389  ]
ШБЪЇ: [0.02416848 0.02914967 0.01987861 0.06163047 0.0311879  0.04894682]
ШБЪЇЫїв§: []

БъзМ: [0.06937174 0.02227562 0.01629288 0.01645178 0.02500225 0.04783191]
ШБЪЇ: [0.06912712 0.0226143  0.01661817        nan 0.02438027 0.0487046 ]
ШБЪЇЫїв§: [3]

БъзМ: [0.03589814 0.01608516 0.05527615 0.02325453 0.0173701  0.05985943]
ШБЪЇ: [0.03586753 0.0153159  0.0552127  0.02151465 0.0181691  0.06123854]
ШБЪЇЫїв§: []

БъзМ: [0.0358316  0.05702571 0.0105027  0.02377573 0.0772424  0.04162566]
ШБЪЇ: [0.03556959 0.05810378        nan 0.02138157 0.07607233 0.04207988]
ШБЪЇЫїв§: [2]

