БъзМ: [0.08083353 0.02777074 0.05317159 0.05267598 0.0368088  0.03285695
 0.04255789]
ШБЪЇ: [0.08062843 0.02768069 0.05345678 0.05177517 0.03736983 0.03361025
 0.04259084]
ШБЪЇЫїв§: []

БъзМ: [0.01604642 0.02779313 0.01128204 0.01026618 0.06846763 0.04376644
 0.01459435]
ШБЪЇ: [0.01629175 0.02756836 0.01081027        nan 0.06901814 0.04423206
 0.01411378]
ШБЪЇЫїв§: [3]

БъзМ: [0.03050716 0.0169322  0.02234056 0.01882353 0.04005319 0.08716643
 0.01623832]
ШБЪЇ: [0.03038115 0.01672321 0.02299223 0.01823791 0.04006357 0.08714023
 0.01703056]
ШБЪЇЫїв§: []

БъзМ: [0.02414524 0.07697475 0.01552652 0.01519203 0.05830936 0.02333825
 0.0341393 ]
ШБЪЇ: [0.02466499 0.07668013 0.0160392  0.01569481 0.05567943 0.02441943
 0.03483982]
ШБЪЇЫїв§: []

