БъзМ: [0.02551109 0.03505306 0.01497199 0.02268628 0.01799902]
ШБЪЇ: [0.0254428  0.03459756 0.01559363 0.0229102  0.01850612]
ШБЪЇЫїв§: []

БъзМ: [0.01912668 0.03505576 0.06300549 0.01881108 0.01849239]
ШБЪЇ: [0.01937411 0.03489169 0.06341328 0.01909373 0.01807851]
ШБЪЇЫїв§: []

БъзМ: [0.01390475 0.02128716 0.01992578 0.01258338 0.01080773]
ШБЪЇ: [0.01394046 0.02155319 0.02002117 0.0117186         nan]
ШБЪЇЫїв§: [4]

БъзМ: [0.0509124  0.0972924  0.03243107 0.06022503 0.05343102]
ШБЪЇ: [0.05087641 0.09713369 0.03363776 0.05963425 0.05377843]
ШБЪЇЫїв§: []

