БъзМ: [0.01761917 0.01323127 0.0199336  0.01503387 0.01739096 0.02685869
 0.0787483 ]
ШБЪЇ: [0.01752686 0.01330877 0.01994429 0.01571908 0.01850678 0.02536687
 0.07818457]
ШБЪЇЫїв§: []

БъзМ: [0.08696903 0.02989943 0.01319858 0.07537447 0.02142773 0.01586433
 0.03030794]
ШБЪЇ: [0.08729955 0.02980407 0.0132418  0.07609088 0.01980123 0.01650407
 0.03062439]
ШБЪЇЫїв§: []

БъзМ: [0.02630598 0.01214352 0.04610477 0.02470207 0.05368482 0.01241329
 0.03434012]
ШБЪЇ: [0.0262401  0.01203151 0.04647361 0.02094152 0.05609753 0.01313567
 0.03323778]
ШБЪЇЫїв§: []

БъзМ: [0.03294738 0.0379611  0.00973078 0.02733045 0.01304559 0.05052017
 0.06254434]
ШБЪЇ: [0.03252827 0.03797138 0.00943423 0.02840707        nan 0.05001918
 0.06207954]
ШБЪЇЫїв§: [4]

