БъзМ: [0.04774382 0.05284    0.01275037 0.0106127  0.01270817 0.01162786
 0.01118438 0.04119819]
ШБЪЇ: [0.04779201 0.05281053 0.01236032        nan 0.01306925 0.01186416
        nan 0.03928303]
ШБЪЇЫїв§: [3, 6]

БъзМ: [0.01025412 0.02022587 0.06077445 0.05410946 0.03060861 0.05283485
 0.05528992 0.05747386]
ШБЪЇ: [0.00971274 0.01969244 0.06063627 0.05192943 0.03382428 0.0529868
 0.05599689 0.0569475 ]
ШБЪЇЫїв§: []

БъзМ: [0.01456331 0.04149945 0.01738414 0.01848856 0.03791291 0.01768
 0.01683038 0.07103321]
ШБЪЇ: [0.01432751 0.04139432 0.0170733  0.01737962 0.03935446 0.0178572
 0.01780022 0.07243621]
ШБЪЇЫїв§: []

БъзМ: [0.01818943 0.02232799 0.02550306 0.01776933 0.01081893 0.01749355
 0.0199916  0.03469012]
ШБЪЇ: [0.01789662 0.02234769 0.02538761 0.01756769 0.01244138 0.01692206
 0.01978241 0.03592753]
ШБЪЇЫїв§: []

