БъзМ: [0.01484551 0.01665138 0.02137271 0.08040594 0.01326087 0.02388601
 0.01886315 0.01072423]
ШБЪЇ: [0.01467317 0.01671157 0.02097408 0.08002175 0.01404511 0.0244344
 0.01773721 0.01222776]
ШБЪЇЫїв§: []

БъзМ: [0.06166212 0.01650022 0.02176665 0.02794036 0.02348308 0.02442228
 0.0152683  0.02994341]
ШБЪЇ: [0.06134244 0.01657476 0.0211025  0.02918372 0.02100735 0.02552075
 0.01601762 0.02893563]
ШБЪЇЫїв§: []

БъзМ: [0.03424965 0.01008085 0.06702425 0.04139362 0.01017764 0.01879602
 0.0516517  0.01139643]
ШБЪЇ: [0.03432687 0.01034882 0.0667314  0.04246884 0.01113038 0.01809558
 0.05026429 0.01213805]
ШБЪЇЫїв§: []

БъзМ: [0.01880367 0.04576374 0.01232766 0.04194116 0.04175454 0.04551067
 0.01117107 0.02461672]
ШБЪЇ: [0.01822846 0.0457209  0.0131185  0.04177385 0.04101467 0.04489791
        nan 0.02492004]
ШБЪЇЫїв§: [6]

