БъзМ: [0.02745819 0.06927756 0.01859221 0.01596169 0.02883181 0.01791864
 0.01620622 0.01089398]
ШБЪЇ: [0.02767396 0.06948341 0.01835746 0.01622373 0.02809029 0.01569689
 0.0160351         nan]
ШБЪЇЫїв§: [7]

БъзМ: [0.01446757 0.01444158 0.03050493 0.06461613 0.0286409  0.02066364
 0.08223108 0.0573144 ]
ШБЪЇ: [0.01443798 0.0146242  0.03122933 0.06545366 0.02914321 0.02031282
 0.08091876 0.05565998]
ШБЪЇЫїв§: []

БъзМ: [0.04886833 0.02942985 0.05870647 0.03426548 0.01795811 0.04886087
 0.02755616 0.02090925]
ШБЪЇ: [0.04889071 0.02922021 0.05815959 0.03306019 0.02230057 0.04979776
 0.02705096 0.01960727]
ШБЪЇЫїв§: []

БъзМ: [0.0116894  0.01990868 0.01420951 0.02065416 0.05190839 0.01166135
 0.0264817  0.01886363]
ШБЪЇ: [0.01193081 0.02005548 0.01472795 0.02066554 0.05261767        nan
 0.02581303 0.0182278 ]
ШБЪЇЫїв§: [5]

