БъзМ: [0.01498855 0.01800261 0.05920888 0.01798079 0.0247609  0.02573957
 0.07817682 0.02932149]
ШБЪЇ: [0.01473425 0.01771104 0.05962362 0.01724161 0.02273009 0.02603052
 0.07881156 0.03022714]
ШБЪЇЫїв§: []

БъзМ: [0.02761809 0.01498267 0.03240348 0.02928025 0.04921854 0.02478935
 0.01945517 0.01962783]
ШБЪЇ: [0.02825168 0.01504346 0.03228472 0.02965387 0.04834756 0.02326869
 0.01934531 0.02088358]
ШБЪЇЫїв§: []

БъзМ: [0.03546668 0.05023979 0.07596952 0.01398384 0.0247856  0.07168553
 0.04165597 0.06948343]
ШБЪЇ: [0.03557195 0.05044097 0.07604627 0.01333704 0.02281401 0.07397203
 0.04136491 0.06888221]
ШБЪЇЫїв§: []

БъзМ: [0.01344131 0.00958888 0.02857193 0.0562522  0.06291574 0.0153735
 0.02530639 0.01551048]
ШБЪЇ: [0.01324133        nan 0.02933675 0.05660604 0.06177273 0.01511529
 0.02500471 0.0153377 ]
ШБЪЇЫїв§: [1]

