БъзМ: [0.02862464 0.03451196 0.03088112 0.05559176 0.02519082 0.02347385
 0.05155919 0.0423243 ]
ШБЪЇ: [0.02814231 0.03436834 0.03138844 0.05568625 0.02378199 0.02481315
 0.04934222 0.0422119 ]
ШБЪЇЫїв§: []

БъзМ: [0.01676914 0.02634191 0.03122038 0.0156238  0.07914226 0.05323303
 0.03542951 0.01052457]
ШБЪЇ: [0.01721971 0.02607853 0.03125336 0.01552383 0.07902695 0.0525165
 0.03546474        nan]
ШБЪЇЫїв§: [7]

БъзМ: [0.05453005 0.01881948 0.03833382 0.02157688 0.03908355 0.02222315
 0.06284872 0.01583929]
ШБЪЇ: [0.05478042 0.0189923  0.03876571 0.02135742 0.04022386 0.02212107
 0.06215097 0.01548538]
ШБЪЇЫїв§: []

БъзМ: [0.0137111  0.06847107 0.02640293 0.02851791 0.03294287 0.06466652
 0.03028569 0.01692815]
ШБЪЇ: [0.01364775 0.06856118 0.0269941  0.02882956 0.02987813 0.06509917
 0.03122247 0.01605349]
ШБЪЇЫїв§: []

