БъзМ: [0.02243688 0.05198202 0.01762184 0.0193996  0.024147   0.0585149
 0.01624951 0.01791996]
ШБЪЇ: [0.02222856 0.05261377 0.01773913 0.01904281 0.02474539 0.05816218
 0.01644176 0.01727657]
ШБЪЇЫїв§: []

БъзМ: [0.03134185 0.02003382 0.0566139  0.04208723 0.02333963 0.02674729
 0.08329377 0.04993005]
ШБЪЇ: [0.03230824 0.01931512 0.05705445 0.04269145 0.02075291 0.02660327
 0.08420441 0.04986553]
ШБЪЇЫїв§: []

БъзМ: [0.01966025 0.04069214 0.01963104 0.05320658 0.07055644 0.02687313
 0.02688434 0.01832947]
ШБЪЇ: [0.01963087 0.04098839 0.01924712 0.0525491  0.07102382 0.02547063
 0.02684385 0.02012877]
ШБЪЇЫїв§: []

БъзМ: [0.04041064 0.02183706 0.04712057 0.01774853 0.01524564 0.04601044
 0.02679181 0.03935544]
ШБЪЇ: [0.04014511 0.0217886  0.04623037 0.01737642        nan 0.04613322
 0.02619248 0.04002421]
ШБЪЇЫїв§: [4]

