БъзМ: [0.03970445 0.04271631 0.04008988 0.01442977 0.01757757 0.0282421
 0.02169261 0.04788529]
ШБЪЇ: [0.03960999 0.04280319 0.04030795 0.01474892 0.0162656  0.02790174
 0.02204693 0.04785362]
ШБЪЇЫїв§: []

БъзМ: [0.0148659  0.01604622 0.01514633 0.02150134 0.03871339 0.03093467
 0.0189843  0.01511449]
ШБЪЇ: [0.01493017 0.01621934 0.01521407 0.02108418 0.03743993 0.03182482
 0.01779922 0.01622432]
ШБЪЇЫїв§: []

БъзМ: [0.01674877 0.01790076 0.03134444 0.01057146 0.01652258 0.01809081
 0.01135001 0.01617141]
ШБЪЇ: [0.01673347 0.01776897 0.03159194 0.01020713 0.01520657 0.01789712
        nan 0.01589713]
ШБЪЇЫїв§: [6]

БъзМ: [0.03073841 0.03393023 0.0166174  0.05070692 0.04741097 0.0823903
 0.06116978 0.0410107 ]
ШБЪЇ: [0.03140346 0.0333015  0.0171574  0.05079355 0.04707839 0.08397674
 0.05997212 0.04072693]
ШБЪЇЫїв§: []

