БъзМ: [0.01304003 0.01557325 0.02224715 0.06142252 0.02576076 0.00941234
 0.05774816]
ШБЪЇ: [0.01305598 0.01501598 0.02239638 0.06252474 0.02528993        nan
 0.05896609]
ШБЪЇЫїв§: [5]

БъзМ: [0.04242233 0.07123815 0.03737465 0.01834594 0.02365055 0.02827881
 0.01675735]
ШБЪЇ: [0.04262164 0.07141032 0.03680141 0.01394386 0.02488166 0.02975092
 0.01791025]
ШБЪЇЫїв§: []

БъзМ: [0.03470696 0.02056731 0.07161356 0.03538299 0.01500183 0.0104619
 0.03027674]
ШБЪЇ: [0.03457073 0.02053296 0.071456   0.03450931        nan 0.00993636
 0.03039435]
ШБЪЇЫїв§: [4]

БъзМ: [0.01413259 0.03051336 0.01785732 0.01970031 0.06735911 0.0233059
 0.02311372]
ШБЪЇ: [0.01413091 0.02994935 0.01772796 0.01850878 0.06811487 0.02363986
 0.02441025]
ШБЪЇЫїв§: []

