БъзМ: [0.04659802 0.01424069 0.05023329 0.05501404 0.06434559 0.01827428
 0.02474646]
ШБЪЇ: [0.04606754        nan 0.04980654 0.05461031 0.06430611 0.01880021
 0.02546823]
ШБЪЇЫїв§: [1]

БъзМ: [0.03489082 0.07230779 0.0148616  0.02087621 0.02220404 0.01644688
 0.0492178 ]
ШБЪЇ: [0.03458981 0.07240043 0.01643024 0.0200147  0.02187122 0.01498572
 0.04962636]
ШБЪЇЫїв§: []

БъзМ: [0.0251689  0.02148955 0.0165065  0.04588294 0.05248062 0.0507816
 0.02762873]
ШБЪЇ: [0.02539314 0.02184069 0.01624302 0.04429825 0.05212776 0.05223235
 0.02770725]
ШБЪЇЫїв§: []

БъзМ: [0.09239515 0.02558676 0.04106844 0.02249952 0.0243631  0.00938688
 0.03899156]
ШБЪЇ: [0.0925347  0.02546644 0.0404553  0.02522514 0.02327596        nan
 0.03864518]
ШБЪЇЫїв§: [5]

