БъзМ: [0.02528046 0.01377702 0.02817315 0.01146248 0.01977861 0.03807146
 0.05264253]
ШБЪЇ: [0.02518936 0.01366734 0.02734348        nan 0.01894766 0.03837748
 0.05237534]
ШБЪЇЫїв§: [3]

БъзМ: [0.01537555 0.06663807 0.03869125 0.05294693 0.05591309 0.01619747
 0.02547443]
ШБЪЇ: [0.01533243 0.06648038 0.0375151  0.05356677 0.05590085 0.01807783
 0.02537501]
ШБЪЇЫїв§: []

БъзМ: [0.04862725 0.01960716 0.074233   0.01679779 0.02161798 0.04901215
 0.02244929]
ШБЪЇ: [0.04858738 0.01908483 0.07437991 0.01620518 0.02155443 0.04909159
 0.02447301]
ШБЪЇЫїв§: []

БъзМ: [0.01195181 0.0277617  0.02126653 0.01799064 0.04491342 0.01608013
 0.06493544]
ШБЪЇ: [0.01198692 0.0281432  0.01992375 0.01742507 0.04411141 0.01585939
 0.06677064]
ШБЪЇЫїв§: []

